
BubbleSort.bubbleSort1()方法的测试数据

我是分割线啊啊啊啊啊啊啊啊
12 34 4 6 15 98 ----------------
12 34 4 6 15 98 ----------------
12 34 4 6 15 98 ----------------
12 4 34 6 15 98 ----------------
4 12 34 6 15 98 ----------------
4 12 34 6 15 98 ----------------
4 12 34 6 15 98 ----------------
4 12 6 34 15 98 ----------------
4 6 12 34 15 98 ----------------
4 6 12 34 15 98 ----------------
4 6 12 15 34 98 ----------------
4 6 12 15 34 98 ----------------
4 6 12 15 34 98 ----------------
4 6 12 15 34 98 ----------------
4 6 12 15 34 98 ----------------
